3 -99.032676 74.034575 109.955013 -84.956884
1 135.196101 58.097102 -116.852355 -76.440820
1 132.738231 57.693607 -11.274578 -179.157236
2 -10.893900 44.714907 11.412065 -45.233080
1 29.426708 -12.575823 7.807652 -24.658534
3 -166.018893 23.638218 158.259458 -15.878786
4 23.029952 -65.816039 -10.693187 53.479268
1 109.327797 -61.401315 -6.584657 -41.341827
1 84.179927 37.118409 -13.535512 -107.762814
2 10.548529 249.233541 16.201124 -275.983204
1 169.837512 18.141113 19.816396 -207.795029
1 176.904189 64.688603 -17.584300 -224.008479
2 2.113110 43.244814 -20.805324 -24.552580
2 -31.460234 107.286002 52.657350 -128.483113
2 29.952422 142.725678 -175.852874 3.174863
2 -93.808733 82.386476 32.800049 -21.377789
3 -31.753091 -34.971802 54.088499 12.636401
3 -35.605910 3.861827 49.368565 -17.624485
1 27.516622 24.725376 -49.211704 -3.030265
2 26.161040 76.537115 -12.053901 -90.644242
1 58.496340 34.071029 -39.888380 -52.678973
2 -41.788733 95.499626 -66.187868 12.476995
1 142.952047 -49.629989 -73.047829 -20.274230
1 73.094594 -15.033767 -64.780476 6.719660
2 -5.756365 38.036024 31.251429 -63.531094
3 -228.408143 87.083923 182.818996 -41.494784
3 -109.492667 17.713185 112.861967 -21.082482
1 39.116189 5.954034 -4.868413 -40.201810
3 -40.704543 21.106906 49.848951 -30.251313
2 -34.975822 139.247263 -2.371077 -101.900365
2 -31.396411 85.649026 3.300712 -57.553322
1 174.365217 87.072988 -33.181158 -228.257035
2 -105.331579 180.854102 -181.577479 106.055010
3 -95.606624 91.194274 100.381839 -95.969452
1 93.808742 -23.548412 18.520055 -88.780380
2 67.134998 94.180988 -48.456557 -112.859348
1 97.321013 -30.923041 1.687327 -68.085299
2 -16.312855 49.368332 31.068718 -64.124209
1 107.844380 96.060012 -16.373643 -187.530735
1 215.171721 85.505155 -58.522240 -242.154606
2 58.533774 206.269057 -84.270662 -180.532116
2 -60.435586 41.821906 36.712807 -18.099114
3 -29.692442 45.832623 108.703672 -124.843822
1 161.495282 107.529809 -56.473517 -212.551555
3 -5.164730 14.013315 16.140437 -24.989008
4 -21.180033 -12.650451 6.207128 27.623353
3 -111.392275 13.174601 142.378429 -44.160756
2 -35.211152 72.111068 -39.910692 3.010803
3 -65.907779 31.502135 41.629334 -7.223692
2 17.201735 118.822583 -59.265766 -76.758529
2 -2.259336 39.747315 -38.930281 1.442308
4 -16.020950 17.360519 -30.708471 29.368959
2 -38.391079 50.028011 -51.539638 39.902744
2 22.256359 43.466179 -78.201397 12.478856
1 88.477982 -13.928649 -41.243501 -33.305825
3 2.349898 5.356370 47.456321 -55.162586
1 152.018032 67.567588 -75.968987 -143.616629
2 113.435907 189.191195 -129.249519 -173.377523
3 -62.208515 69.313863 69.512138 -76.617484
3 53.512106 -4.893720 78.697919 -127.316307
1 64.545357 20.108283 -93.800115 9.146479
1 86.863477 -65.909230 25.105439 -46.059699
2 10.866288 47.849767 39.552977 -98.269019
2 -78.468375 134.743526 -62.992869 6.717793
2 60.218561 114.867382 -72.241341 -102.844567
2 21.566593 60.530790 -27.287412 -54.809966
1 159.775492 -3.683309 45.398961 -201.491155
1 90.256375 38.684370 -45.704860 -83.235883
4 -57.673548 -36.330152 4.893678 89.110082
2 -41.838914 77.641947 26.341210 -62.144225
2 -35.732730 155.483304 -31.730677 -88.019876
3 -37.879756 -112.538912 126.833082 23.585600
3 -47.345265 -39.514295 187.912097 -101.052534
2 79.726889 116.595866 -17.786455 -178.536286
2 -3.467064 168.423027 -2.593421 -162.362514
2 -3.009120 18.448886 -16.049706 0.609951
1 107.301115 -47.775590 -22.709042 -36.816481
1 198.245692 39.175927 -75.413629 -162.007988
3 -120.480846 -26.733663 128.436875 18.777629
1 73.210107 -40.675189 -40.948653 8.413729
2 58.310373 66.868037 -24.847919 -100.330507
1 81.585037 -46.788619 12.286438 -47.082856
1 105.574436 -69.585582 -6.387997 -29.600857
1 156.419324 -71.690252 81.736476 -166.465553
1 139.981703 123.116699 -55.216543 -207.881834
1 44.678601 17.005836 -15.311944 -46.372489
3 -29.071957 -26.934837 68.920015 -12.913221
1 94.341185 -44.715103 -7.837010 -41.789060
1 76.624718 -50.686730 44.779382 -70.717381
3 26.775276 -5.823319 35.035404 -55.987362
2 -95.971746 95.585620 -1.722755 2.108968
3 22.877402 52.745700 53.639722 -129.262815
3 -33.032194 7.030086 37.324291 -11.322177
1 24.493196 -7.568176 12.343534 -29.268550
2 2.935149 62.075293 -38.901568 -26.108886
2 -14.189475 116.287904 16.215495 -118.313910
1 134.082784 -32.489528 -43.426752 -58.166492
1 87.064859 30.254371 -3.242691 -114.076535
1 208.195355 104.712792 -68.041386 -244.866753
2 -33.341216 100.338028 -57.176012 -9.820796
1 105.481095 43.713943 -92.763839 -56.431212
2 -74.302449 75.254628 16.466878 -17.419049
1 107.761344 -106.052295 -59.444216 57.735155
1 144.646639 25.657879 -6.558061 -163.746447
4 -30.122667 8.651562 -10.743350 32.214448
3 -74.826082 -59.642381 164.399784 -29.931330
2 -13.620555 113.946319 -75.602274 -24.723477
4 -5.045809 -40.104965 -25.446907 70.597698
1 99.342174 31.818528 -42.474591 -88.686112
1 153.859848 28.630978 -62.271121 -120.219701
3 -147.089027 7.051646 157.697369 -17.659989
2 -34.770055 90.617267 -35.970523 -19.876703
2 -15.653387 28.640646 11.019984 -24.007246
1 301.299697 5.940748 -49.172319 -258.068093
2 -5.183562 74.940842 -127.720823 57.963606
1 97.550969 9.507315 -25.812311 -81.245968
2 -109.517539 233.747530 -208.181486 83.951553
3 -5.239819 -63.105803 114.807692 -46.462071
3 4.840648 -81.370318 51.773202 24.756463
3 -106.435931 -97.648035 161.108971 42.975014
1 79.917516 -1.956727 10.381377 -88.342158
3 -9.733430 41.068818 60.929115 -92.264499
1 14.284644 3.338434 2.486392 -20.109471
2 -110.202603 177.093018 -109.835933 42.945611
2 -60.859951 65.725159 52.773343 -57.638545
3 14.658183 -57.781926 25.246803 17.876946
2 -32.686731 96.133564 -18.139607 -45.307216
1 56.092740 54.195785 -19.765684 -90.522824
1 86.438410 75.599441 -92.376124 -69.661701
1 123.835789 45.134106 -43.017476 -125.952398
1 146.110032 54.228711 -45.635538 -154.703204
1 165.756865 57.030104 -66.000878 -156.786064
1 41.702432 -48.574871 19.038253 -12.165821
2 -31.404721 23.790139 15.481313 -7.866713
2 -18.237782 35.186014 -12.176480 -4.771678
1 205.209396 17.330458 -83.104806 -139.435047
3 -29.465181 54.673138 60.888571 -86.096532
1 36.140175 13.885786 -40.524471 -9.501490
1 114.419061 -25.813769 34.891610 -123.496898
3 1.341237 -29.453807 24.010337 4.102236
1 108.648227 -109.486433 98.317426 -97.479216
3 -19.886619 -53.610048 55.020948 18.475735
